[[2,22,1,20,29,18,12,14,25,0]]
0,1,2,12,14,18,20,22,25,29
[[8,5,17,1,14,21,22,23,0,16]]
0,1,5,8,14,16,17,21,22,23
[[16,21,20,10,17,24,22,28,15,6]]
6,10,15,16,17,20,21,22,24,28
[[15,9,27,17,19,0,18,16,4,14]]
0,4,9,14,15,16,17,18,19,27
[[4,11,18,0,16,19,3,13,29,2]]
0,2,3,4,11,13,16,18,19,29
[[23,25,0,24,13,22,20,14,15,27]]
0,13,14,15,20,22,23,24,25,27
[[20,28,10,5,19,1,26,11,12,8]]
1,5,8,10,11,12,19,20,26,28
[[21,28,17,13,4,0,3,9,12,15]]
0,3,4,9,12,13,15,17,21,28
[[21,4,0,29,8,2,7,6,9,11]]
0,2,4,6,7,8,9,11,21,29
[[9,21,15,4,10,25,6,16,23,11]]
4,6,9,10,11,15,16,21,23,25
