[[393,411,26,898,980,413,509,258,428,877,664,230,530,406,807,776,336,878,495,322,444,551,950,479,957,988,202,279,46,756], 756]
29
[[825,241,968,473,592,454,376,609,884,179,236,33,67,30,983,820,372,281,760,778,362,991,907,19,270,501,77,21,145,0], 820]
15
[[619,319,361,126,431,533,442,964,113,902,64,878,921,405,499,792,776,668,616,919,781,103,264,391,690,135,25,2,18,377], 319]
1
[[517,921,684,803,973,30,15,250,531,343,257,728,365,890,383,266,479,168,370,85,906,278,298,244,404,144,754,700,61,440], 700]
27
[[460,690,798,645,477,14,899,623,358,90,340,673,69,469,780,409,776,856,260,243,698,917,291,33,345,630,431,697,359,955], 899]
6
[[817,659,448,680,669,921,6,80,97,819,974,18,597,733,189,501,707,985,83,942,170,194,890,573,325,531,53,823,601,865], 6]
6
[[352,683,575,182,932,332,569,853,930,216,497,738,292,270,631,532,484,390,536,865,902,570,357,79,291,288,354,6,607,945], 352]
0
[[252,100,375,555,3,416,807,828,453,284,71,513,278,173,860,70,589,187,975,176,917,263,500,190,280,236,449,668,241,836], 100]
1
[[995,237,740,46,992,267,362,473,297,762,834,672,788,584,903,258,961,301,540,454,531,292,634,218,260,313,890,703,192,967], 258]
15
[[147,951,958,45,740,886,590,639,850,711,693,970,869,123,956,932,210,910,566,925,364,429,369,801,842,950,172,468,845,295], 123]
13
[[1,5,5,5,5,5,5,5,5,23], 5]
1
[[1,5,5,5,5,5,5,5,5,23], 5]
8
